3 1 1 #dynamic_flag, niter, nstep
0 0 78.5398163397448 #750 rpm
0 0 0
0 196.349540849362 0  # the first point starts at 2.5''
0 0 0
20
    
3    2  3 1 1  0 0 0 0 # npoint,nmemb,ncond_pt,nmate, nframe, ncond_mb,ndistrfun, ntimefun, ncurv

1     0.0  0.0 0.0 # coordinates for each point
2     31.5  0.0 0.0
3     36.6961524227066  -3. 0.0

    
1     1     2  1 1 0 20 0  # kp_1 kp_2 mate_no1 mate_no2 frame# #divisions, curvature#
2     2     3  1 1 1 4 0  # kp_1 kp_2 mate_no1 mate_no2 frame# #divisions, curvature#


1    #point conditions
1 2 3 4 5 6 
0 0 0 0 0 0 # corresponding value
0 0 0 0 0 0 # corresponding time functions
0 0 0 0 0 0 # indicate whether it is a follower condition

2 
7 8 9 10 11 12 
0 0 0 0 0 0
0 0 0 0 0 0
0 0 0 0 0 0

3 
7 8 9 10 11 12 
0 0 0 0 0 0
0 0 0 0 0 0
0 0 0 0 0 0

1 # section No. 1
     1.4974543276E-06    0.0000000000E+00    0.0000000000E+00    0.0000000000E+00    0.0000000000E+00    0.0000000000E+00 
     0.0000000000E+00    0.0000000000E+00    0.0000000000E+00    0.0000000000E+00    0.0000000000E+00    0.0000000000E+00
     0.0000000000E+00    0.0000000000E+00    0.0000000000E+00    0.0000000000E+00    0.0000000000E+00    0.0000000000E+00
     0.0000000000E+00    0.0000000000E+00    0.0000000000E+00    3.1234387938E-03    0.0000000000E+00    0.0000000000E+00
     0.0000000000E+00    0.0000000000E+00    0.0000000000E+00    0.0000000000E+00    4.5274507258E-03    0.0000000000E+00 
     0.0000000000E+00    0.0000000000E+00    0.0000000000E+00    0.0000000000E+00    0.0000000000E+00     1.7969451932E-05

     1.5813000000E-05    0.0000000000E+00    0.0000000000E+00    0.0000000000E+00    0.0000000000E+00    0.0000000000E+00
     0.0000000000E+00    1.5813000000E-05    0.0000000000E+00    0.0000000000E+00    0.0000000000E+00    0.0000000000E+00
     0.0000000000E+00    0.0000000000E+00    1.5813000000E-05    0.0000000000E+00    0.0000000000E+00    0.0000000000E+00
     0.0000000000E+00    0.0000000000E+00    0.0000000000E+00    1.3229801498E-06    0.0000000000E+00    0.0000000000E+00
     0.0000000000E+00    0.0000000000E+00    0.0000000000E+00    0.0000000000E+00    5.2301497500E-09    0.0000000000E+00
     0.0000000000E+00    0.0000000000E+00    0.0000000000E+00    0.0000000000E+00    0.0000000000E+00    1.3177500000E-06

1 # frame No. 1
 0.8660254037844 0.5 0.0   
-0.5 0.8660254037844 0.0
0.0 0.0  1.0

0 0.5E-1 # simulation 

1   # time function no
0
0 0.02
3   # number of entries
0 0 
0.01 1
0.02 0

0 0 78.5398163397448 #750 rpm
0 196.349540849362 0  # the first point starts at 2.5''


0 0 52.3598775598299 #750 rpm
0  130.899693899575 0  # the first point starts at 2.5''

 0.9659258262891 0.2588190451025 0.0   
-0.2588190451025 0.9659258262891 0.0
0.0 0.0  1.0
