3 10 1 #dynamic_flag, niter, nstep
0 0 78.5398163397448 #750 rpm
0 0 0
0 0 0  # the first point starts at 0''
0 0 0
20
    
2    1  2 1 0  0 0 0 0 # npoint,nmemb,ncond_pt,nmate, nframe, ncond_mb,ndistrfun, ntimefun, ncurv

1     0.0  0.0 0.0 # coordinates for each point
2     37.5  0. 0.0

    
1     1     2  1 1 0 199 0  # kp_1 kp_2 mate_no1 mate_no2 frame# #divisions, curvature#

1    #point conditions
1 2 3 4 5 6 
0 0 0 0 0 0 # corresponding value
0 0 0 0 0 0 # corresponding time functions
0 0 0 0 0 0 # indicate whether it is a follower condition

2 
7 8 9 10 11 12 
0 0 0 0 0 0
0 0 0 0 0 0
0 0 0 0 0 0


1 # section No. 1
     1.9229606390E-08    0.0000000000E+00    0.0000000000E+00    0.0000000000E+00    3.4885212652E-12   -6.6281904009E-12
     0.0000000000E+00    6.3735542854E-08   -4.2763941859E-12   -1.5587804007E-11    0.0000000000E+00    0.0000000000E+00
     0.0000000000E+00   -4.2763941859E-12    6.0024555878E-08   -8.2041073782E-12    0.0000000000E+00    0.0000000000E+00
     0.0000000000E+00   -1.5587804007E-11   -8.2041073782E-12    2.1864179141E-07    0.0000000000E+00    0.0000000000E+00
     3.4885212652E-12    0.0000000000E+00    0.0000000000E+00    0.0000000000E+00    5.7681842124E-08    1.9884571205E-11
    -6.6281904007E-12    0.0000000000E+00    0.0000000000E+00    0.0000000000E+00    1.9884571205E-11    2.3073145001E-07

     1.5813000000E-05    0.0000000000E+00    0.0000000000E+00    0.0000000000E+00    0.0000000000E+00    0.0000000000E+00
     0.0000000000E+00    1.5813000000E-05    0.0000000000E+00    0.0000000000E+00    0.0000000000E+00    0.0000000000E+00
     0.0000000000E+00    0.0000000000E+00    1.5813000000E-05    0.0000000000E+00    0.0000000000E+00    0.0000000000E+00
     0.0000000000E+00    0.0000000000E+00    0.0000000000E+00    1.3229801498E-06    0.0000000000E+00    0.0000000000E+00
     0.0000000000E+00    0.0000000000E+00    0.0000000000E+00    0.0000000000E+00    5.2301497500E-09    0.0000000000E+00
     0.0000000000E+00    0.0000000000E+00    0.0000000000E+00    0.0000000000E+00    0.0000000000E+00    1.3177500000E-06


