2 100 10000 #dynamic_flag, niter, nstep
0 0 -43.1968989868597  # flapping frequencies 55 rad/s
0 0 1 
0 0 0 
0 0 0
    
2    1  2 1 0  0 0 1 0 # npoint,nmemb,ncond_pt,nmate, nframe, ncond_mb,ndistrfun, ntimefun, ncurv

1     0.0  0.0 0.0 # coordinates for each point
2     1.0  0.0 0.0

    
1     1     2  1 1 0 36 0  # kp_1 kp_2 mate_no1 mate_no2 frame# #divisions, curvature#


1    #point conditions
1 2 3 4 5 6 
0 0 0 0 0 0 # corresponding value
0 0 0 0 0 0 # corresponding time functions
0 0 0 0 0 0 # indicate whether it is a follower condition

2 
7 8 9 10 11 12 
0 0 0 0 0 0
0 0 0 0 0 0
0 0 0 0 0 0

1 # section No. 1
     4.1666666667E-06    0.0000000000E+00    0.0000000000E+00    0.0000000000E+00    0.0000000000E+00    0.0000000000E+00 
     0.0000000000E+00    1.0955586081E-05    0.0000000000E+00    0.0000000000E+00    0.0000000000E+00    0.0000000000E+00
     0.0000000000E+00    0.0000000000E+00    0.0000000000E+00    0.0000000000E+00    0.0000000000E+00    0.0000000000E+00
     0.0000000000E+00    0.0000000000E+00    0.0000000000E+00    1.7619382022E-01    0.0000000000E+00    0.0000000000E+00
     0.0000000000E+00    0.0000000000E+00    0.0000000000E+00    0.0000000000E+00    1.2500000000E-01    0.0000000000E+00 
     0.0000000000E+00    0.0000000000E+00    0.0000000000E+00    0.0000000000E+00    0.0000000000E+00    1.2500000000E-01

     2.0000000000E-02    0.0000000000E+00    0.0000000000E+00    0.0000000000E+00    0.0000000000E+00    0.0000000000E+00
     0.0000000000E+00    2.0000000000E-02    0.0000000000E+00    0.0000000000E+00    0.0000000000E+00    0.0000000000E+00
     0.0000000000E+00    0.0000000000E+00    2.0000000000E-02    0.0000000000E+00    0.0000000000E+00    0.0000000000E+00
     0.0000000000E+00    0.0000000000E+00    0.0000000000E+00    1.3333333333E-06    0.0000000000E+00    0.0000000000E+00
     0.0000000000E+00    0.0000000000E+00    0.0000000000E+00    0.0000000000E+00    6.6666666667E-07    0.0000000000E+00
    0.0000000000E+00    0.0000000000E+00    0.0000000000E+00    0.0000000000E+00    0.0000000000E+00     6.6666666667E-07


0 0.45695893143124 # simulation 


1   # time function no
1   # function type: 0, user defined; 1, harmonic
0 0.45695893143124 #starting and ending time of the time function
1   # number of entries
1.0  0.11423973285781 0.0


